epsilon = 1.000000
kappa = 200.000000
dt = 0.000100
tmax = 1410065408
Nbb = 13
Nsc = 8
D = 5.000000


SEED = -1700968762
